3 0.232227 0.282272 0.0261049 0.0454705 0.970028
1 0.231571 0.769766 0.0266031 0.0461449 0.947469
3 0.7107 0.84519 0.0254812 0.0454966 0.946255
3 0.232928 0.847865 0.025023 0.0457982 0.907236
3 0.709318 0.27497 0.0257996 0.0459011 0.899173
1 0.709779 0.355713 0.0271559 0.0479448 0.832923
3 0.515425 0.812485 0.0252546 0.0427864 0.579305
0 0.409398 0.642287 0.0685379 0.0275379 0.556583
3 0.630175 0.478101 0.0262616 0.0450982 0.347554
3 0.630491 0.812303 0.0252757 0.043457 0.292666
3 0.514741 0.478333 0.0250786 0.041427 0.291799
3 0.474321 0.818928 0.0202063 0.0326285 0.278795
2 0.346725 0.256184 0.138637 0.0282798 0.263049
