2 0.501916 0.810836 0.239644 0.159008 0.963368
0 0.32743 0.0812911 0.109817 0.0345181 0.962318
2 0.499968 0.207404 0.23913 0.159619 0.962284
3 0.138784 0.104556 0.0297132 0.0522509 0.950104
4 0.424129 0.372052 0.459762 0.0875174 0.948394
1 0.137693 0.825835 0.0321993 0.0550672 0.94668
3 0.755948 0.898221 0.0274363 0.0504667 0.934124
3 0.751818 0.119826 0.0290823 0.0510595 0.931743
4 0.42443 0.644568 0.461763 0.088636 0.911996
3 0.138686 0.915344 0.029382 0.0519532 0.906292
0 0.327699 0.937706 0.108692 0.035887 0.876881
1 0.752267 0.206822 0.0302846 0.0537155 0.873761
2 0.586236 0.0398946 0.352767 0.0792175 0.40435
